1 -0.583041 0.0759805 -0.0038127 9.93436e-05 0.167589 -2.44265e-06
2 -0.0687908 0.002152 -2.59953e-05 3.0063e-07 0.0249025 -3.59027e-07
3 -0.0276802 0.00038185 -2.09883e-06 1.45793e-07 0.0103796 -2.25865e-07
4 -0.0150649 0.000116577 -4.17587e-07 1.41879e-07 0.00571662 -1.87272e-07
5 -0.00949822 4.69802e-05 -1.59977e-07 1.41967e-07 0.00362387 -1.70628e-07
6 -0.00654304 2.2459e-05 -1.00421e-07 1.42188e-07 0.00250369 -1.61893e-07
7 -0.00478395 1.20594e-05 -8.26065e-08 1.42346e-07 0.0018338 -1.56727e-07
8 -0.00365127 7.04509e-06 -7.62487e-08 1.42453e-07 0.00140121 -1.53414e-07
9 -0.00287879 4.38806e-06 -7.367e-08 1.42528e-07 0.00110563 -1.51161e-07
10 -0.00232826 2.87427e-06 -7.25189e-08 1.42581e-07 0.000894689 -1.49559e-07
11 -0.00192201 1.96079e-06 -7.19663e-08 1.42621e-07 0.000738882 -1.48378e-07
12 -0.00161364 1.38318e-06 -7.16857e-08 1.42651e-07 0.000620527 -1.47482e-07
13 -0.00137401 1.00352e-06 -7.15373e-08 1.42675e-07 0.000528509 -1.46787e-07
14 -0.00118411 7.45669e-07 -7.14565e-08 1.42693e-07 0.000455551 -1.46236e-07
15 -0.00103105 5.65591e-07 -7.14118e-08 1.42708e-07 0.000396728 -1.45793e-07
16 -0.000905881 4.36751e-07 -7.1387e-08 1.42721e-07 0.000348609 -1.4543e-07
17 -0.000802209 3.42605e-07 -7.13736e-08 1.42731e-07 0.000308746 -1.4513e-07
18 -0.000715377 2.7252e-07 -7.13667e-08 1.42739e-07 0.000275351 -1.44879e-07
19 -0.000641924 2.19478e-07 -7.13636e-08 1.42747e-07 0.000247098 -1.44666e-07
20 -0.000579235 1.78738e-07 -7.13628e-08 1.42753e-07 0.000222981 -1.44484e-07
21 -0.000525304 1.47029e-07 -7.13633e-08 1.42758e-07 0.000202231 -1.44328e-07
22 -0.000478572 1.22052e-07 -7.13645e-08 1.42763e-07 0.000184249 -1.44193e-07
23 -0.000437812 1.02161e-07 -7.13662e-08 1.42767e-07 0.000168563 -1.44075e-07
24 -0.000402047 8.61636e-08 -7.1368e-08 1.4277e-07 0.000154799 -1.43972e-07
25 -0.000370494 7.31788e-08 -7.13699e-08 1.42773e-07 0.000142655 -1.43881e-07
26 -0.000342516 6.2551e-08 -7.13718e-08 1.42776e-07 0.000131886 -1.438e-07
27 -0.000317592 5.37848e-08 -7.13736e-08 1.42779e-07 0.000122292 -1.43728e-07
28 -0.000295293 4.65022e-08 -7.13754e-08 1.42781e-07 0.000113708 -1.43663e-07
29 -0.000275264 4.04119e-08 -7.1377e-08 1.42783e-07 0.000105998 -1.43605e-07
30 -0.000257206 3.52869e-08 -7.13786e-08 1.42784e-07 9.90459e-05 -1.43553e-07
31 -0.000240869 3.09495e-08 -7.138e-08 1.42786e-07 9.27562e-05 -1.43506e-07
32 -0.00022604 2.72587e-08 -7.13814e-08 1.42788e-07 8.70473e-05 -1.43463e-07
33 -0.00021254 2.41021e-08 -7.13827e-08 1.42789e-07 8.18496e-05 -1.43424e-07
34 -0.000200215 2.13897e-08 -7.13838e-08 1.4279e-07 7.71041e-05 -1.43388e-07
35 -0.000188932 1.90484e-08 -7.13849e-08 1.42791e-07 7.27596e-05 -1.43356e-07
36 -0.000178576 1.7019e-08 -7.1386e-08 1.42792e-07 6.87723e-05 -1.43326e-07
37 -0.000169049 1.52529e-08 -7.13869e-08 1.42793e-07 6.5104e-05 -1.43298e-07
38 -0.000160265 1.37101e-08 -7.13878e-08 1.42794e-07 6.17216e-05 -1.43273e-07
39 -0.000152148 1.23576e-08 -7.13886e-08 1.42795e-07 5.85961e-05 -1.43249e-07
40 -0.000144633 1.11679e-08 -7.13894e-08 1.42796e-07 5.57022e-05 -1.43228e-07
41 -0.000137661 1.01181e-08 -7.13901e-08 1.42796e-07 5.30175e-05 -1.43207e-07
42 -0.000131181 9.18881e-09 -7.13908e-08 1.42797e-07 5.05223e-05 -1.43189e-07
43 -0.000125149 8.36386e-09 -7.13914e-08 1.42797e-07 4.81992e-05 -1.43171e-07
44 -0.000119523 7.62948e-09 -7.1392e-08 1.42798e-07 4.60328e-05 -1.43155e-07
45 -0.000114268 6.974e-09 -7.13925e-08 1.42798e-07 4.40092e-05 -1.4314e-07
46 -0.000109352 6.38746e-09 -7.1393e-08 1.42799e-07 4.21162e-05 -1.43126e-07
47 -0.000104747 5.86134e-09 -7.13935e-08 1.42799e-07 4.03428e-05 -1.43112e-07
48 -0.000100427 5.38832e-09 -7.1394e-08 1.428e-07 3.8679e-05 -1.431e-07
49 -9.63687e-05 4.9621e-09 -7.13944e-08 1.428e-07 3.71161e-05 -1.43088e-07
50 -9.25515e-05 4.57722e-09 -7.13948e-08 1.42801e-07 3.56461e-05 -1.43077e-07
51 -8.89567e-05 4.22896e-09 -7.13952e-08 1.42801e-07 3.42617e-05 -1.43067e-07
52 -8.55674e-05 3.91323e-09 -7.13956e-08 1.42801e-07 3.29564e-05 -1.43057e-07
53 -8.23682e-05 3.62644e-09 -7.13959e-08 1.42802e-07 3.17243e-05 -1.43048e-07
54 -7.93451e-05 3.36546e-09 -7.13962e-08 1.42802e-07 3.05601e-05 -1.43039e-07
55 -7.64854e-05 3.12756e-09 -7.13965e-08 1.42802e-07 2.94587e-05 -1.43031e-07
56 -7.37776e-05 2.91034e-09 -7.13968e-08 1.42802e-07 2.84159e-05 -1.43023e-07
57 -7.12111e-05 2.71166e-09 -7.13971e-08 1.42803e-07 2.74275e-05 -1.43015e-07
58 -6.87763e-05 2.52966e-09 -7.13974e-08 1.42803e-07 2.64897e-05 -1.43008e-07
59 -6.64642e-05 2.36269e-09 -7.13976e-08 1.42803e-07 2.55993e-05 -1.43002e-07
60 -6.42668e-05 2.20928e-09 -7.13979e-08 1.42803e-07 2.4753e-05 -1.42995e-07
61 -6.21766e-05 2.06814e-09 -7.13981e-08 1.42804e-07 2.3948e-05 -1.42989e-07
62 -6.01867e-05 1.9381e-09 -7.13983e-08 1.42804e-07 2.31816e-05 -1.42984e-07
63 -5.82909e-05 1.81813e-09 -7.13985e-08 1.42804e-07 2.24515e-05 -1.42978e-07
64 -5.64833e-05 1.70731e-09 -7.13987e-08 1.42804e-07 2.17553e-05 -1.42973e-07
65 -5.47584e-05 1.60481e-09 -7.13989e-08 1.42804e-07 2.10909e-05 -1.42968e-07
66 -5.31114e-05 1.5099e-09 -7.13991e-08 1.42805e-07 2.04566e-05 -1.42963e-07
67 -5.15376e-05 1.42191e-09 -7.13992e-08 1.42805e-07 1.98505e-05 -1.42959e-07
68 -5.00327e-05 1.34025e-09 -7.13994e-08 1.42805e-07 1.92709e-05 -1.42954e-07
69 -4.85928e-05 1.26437e-09 -7.13996e-08 1.42805e-07 1.87163e-05 -1.4295e-07
70 -4.72142e-05 1.19379e-09 -7.13997e-08 1.42805e-07 1.81853e-05 -1.42946e-07
71 -4.58934e-05 1.12807e-09 -7.13999e-08 1.42805e-07 1.76766e-05 -1.42942e-07
72 -4.46273e-05 1.06682e-09 -7.14e-08 1.42805e-07 1.7189e-05 -1.42939e-07
73 -4.34128e-05 1.00968e-09 -7.14001e-08 1.42805e-07 1.67212e-05 -1.42935e-07
74 -4.22473e-05 9.56318e-10 -7.14002e-08 1.42806e-07 1.62723e-05 -1.42932e-07
75 -4.11281e-05 9.06438e-10 -7.14004e-08 1.42806e-07 1.58413e-05 -1.42929e-07
76 -4.00528e-05 8.59773e-10 -7.14005e-08 1.42806e-07 1.54271e-05 -1.42925e-07
77 -3.90191e-05 8.16077e-10 -7.14006e-08 1.42806e-07 1.5029e-05 -1.42922e-07
78 -3.80249e-05 7.75126e-10 -7.14007e-08 1.42806e-07 1.46461e-05 -1.4292e-07
79 -3.70682e-05 7.36716e-10 -7.14008e-08 1.42806e-07 1.42776e-05 -1.42917e-07
80 -3.61472e-05 7.00659e-10 -7.14009e-08 1.42806e-07 1.39229e-05 -1.42914e-07
81 -3.52601e-05 6.66785e-10 -7.1401e-08 1.42806e-07 1.35812e-05 -1.42912e-07
82 -3.44053e-05 6.34937e-10 -7.14011e-08 1.42806e-07 1.32519e-05 -1.42909e-07
83 -3.35812e-05 6.0497e-10 -7.14012e-08 1.42806e-07 1.29345e-05 -1.42907e-07
84 -3.27863e-05 5.76754e-10 -7.14013e-08 1.42807e-07 1.26284e-05 -1.42904e-07
85 -3.20193e-05 5.50165e-10 -7.14014e-08 1.42807e-07 1.2333e-05 -1.42902e-07
86 -3.12789e-05 5.25096e-10 -7.14014e-08 1.42807e-07 1.20478e-05 -1.429e-07
87 -3.0564e-05 5.0144e-10 -7.14015e-08 1.42807e-07 1.17724e-05 -1.42898e-07
88 -2.98732e-05 4.79104e-10 -7.14016e-08 1.42807e-07 1.15064e-05 -1.42896e-07
89 -2.92056e-05 4.58e-10 -7.14017e-08 1.42807e-07 1.12492e-05 -1.42894e-07
90 -2.85602e-05 4.38048e-10 -7.14017e-08 1.42807e-07 1.10006e-05 -1.42892e-07
91 -2.79359e-05 4.19173e-10 -7.14018e-08 1.42807e-07 1.07602e-05 -1.4289e-07
92 -2.73318e-05 4.01305e-10 -7.14019e-08 1.42807e-07 1.05275e-05 -1.42889e-07
93 -2.67472e-05 3.84381e-10 -7.14019e-08 1.42807e-07 1.03023e-05 -1.42887e-07
94 -2.61811e-05 3.68342e-10 -7.1402e-08 1.42807e-07 1.00843e-05 -1.42885e-07
95 -2.56327e-05 3.53133e-10 -7.14021e-08 1.42807e-07 9.87309e-06 -1.42884e-07
96 -2.51015e-05 3.38702e-10 -7.14021e-08 1.42807e-07 9.66846e-06 -1.42882e-07
97 -2.45865e-05 3.25003e-10 -7.14022e-08 1.42807e-07 9.47013e-06 -1.42881e-07
98 -2.40873e-05 3.11991e-10 -7.14022e-08 1.42807e-07 9.27784e-06 -1.42879e-07
99 -2.36031e-05 2.99625e-10 -7.14023e-08 1.42807e-07 9.09135e-06 -1.42878e-07
100 -2.31334e-05 2.87868e-10 -7.14023e-08 1.42807e-07 8.91042e-06 -1.42877e-07
