0.00142687
0.0124525
0.0325402
0.0582678
0.0856082
0.110875
0.131485
0.146352
0.155837
0.161356
0.164804
0.168024
0.172444
0.178976
0.188098
0.200033
0.21491
0.232819
0.25377
0.277602
0.303905
0.332009
0.361064
0.390147
0.41839
0.445046
0.469521
0.491384
0.510393
0.526549
0.540182
0.551996
0.563038
0.574547
0.587699
0.603318
0.621639
0.642214
0.663989
0.685554
0.705474
0.722606
0.736321
0.746572
0.753815
0.758822
0.762461
0.765503
0.768499
0.771743
0.775312
0.779138
0.783102
0.787105
0.791106
0.795131
0.799256
0.803569
0.808134
0.812966
0.818013
0.823156
0.828237
0.833083
0.837552
0.84156
0.845108
0.848269
0.851164
0.853926
0.856656
0.859404
0.862171
0.864929
0.867646
0.87031
0.872924
0.87549
0.877987
0.880363
0.882539
0.884451
0.886083
0.887507
0.888876
0.890396
0.892265
0.894606
0.897416
0.900559
0.903797
0.906858
0.90952
0.911683
0.913412
0.914926
0.916531
0.918528
0.921111
0.924289
0.927869
0.931512
0.934831
0.937527
0.939494
0.940866
0.941982
0.943281
0.945151
0.9478
0.951178
0.954985
0.958771
0.962082
0.964626
0.966375
0.967598
0.968781
0.970478
0.973125
0.976884
0.981569
0.986683
0.991559
0.995555
0.998262
0.999631
1
