1 0.839049 -0.109011 -0.0445243 0.00386202 0.00212484
2 0.128004 -0.00319253 -0.00139222 2.68283e-05 1.50254e-05
3 0.0536505 -0.000569969 -0.000251231 2.10863e-06 1.18465e-06
4 0.0296066 -0.000174382 -7.71452e-05 3.6169e-07 2.03422e-07
5 0.0187854 -7.03446e-05 -3.11721e-05 9.32356e-08 5.24639e-08
6 0.0129851 -3.36462e-05 -1.49233e-05 3.09432e-08 1.74165e-08
7 0.00951368 -1.80721e-05 -8.01997e-06 1.22047e-08 6.87056e-09
8 0.00727087 -1.05598e-05 -4.68784e-06 5.45818e-09 3.07298e-09
9 0.00573785 -6.57804e-06 -2.92092e-06 2.68589e-09 1.51228e-09
10 0.00464359 -4.30913e-06 -1.91376e-06 1.42494e-09 8.0235e-10
11 0.0038352 -2.9398e-06 -1.30579e-06 8.03322e-10 4.52348e-10
12 0.00322105 -2.07388e-06 -9.21255e-07 4.76145e-10 2.68123e-10
13 0.00274352 -1.50466e-06 -6.68449e-07 2.94333e-10 1.65747e-10
14 0.00236487 -1.11806e-06 -4.96731e-07 1.8857e-10 1.06191e-10
15 0.00205956 -8.48055e-07 -3.7679e-07 1.24591e-10 7.01625e-11
16 0.0018098 -6.54869e-07 -2.90969e-07 8.45559e-11 4.76179e-11
17 0.00160288 -5.13701e-07 -2.28254e-07 5.87528e-11 3.30875e-11
18 0.00142953 -4.0861e-07 -1.81563e-07 4.16838e-11 2.34752e-11
19 0.00128286 -3.29074e-07 -1.46225e-07 3.01295e-11 1.69673e-11
20 0.00115767 -2.67985e-07 -1.19082e-07 2.21425e-11 1.24696e-11
21 0.00104995 -2.20438e-07 -9.7956e-08 1.65208e-11 9.30478e-12
22 0.000956595 -1.82985e-07 -8.13142e-08 1.24944e-11 7.03704e-12
23 0.000875164 -1.53159e-07 -6.80614e-08 9.56901e-12 5.38924e-12
24 0.000803707 -1.29171e-07 -5.74021e-08 7.41185e-12 4.17377e-12
25 0.000740659 -1.09701e-07 -4.87504e-08 5.8018e-12 3.26739e-12
26 0.00068475 -9.37656e-08 -4.16691e-08 4.583e-12 2.58149e-12
27 0.000634942 -8.06215e-08 -3.58282e-08 3.65441e-12 2.05769e-12
28 0.000590378 -6.97021e-08 -3.09758e-08 2.93765e-12 1.65579e-12
29 0.000550347 -6.05705e-08 -2.69179e-08 2.37943e-12 1.34026e-12
30 0.000514253 -5.28866e-08 -2.35033e-08 1.94267e-12 1.09401e-12
31 0.000481598 -4.63836e-08 -2.06133e-08 1.59495e-12 8.97504e-13
32 0.000451958 -4.085e-08 -1.81543e-08 1.31806e-12 7.42961e-13
33 0.000424972 -3.61177e-08 -1.60512e-08 1.09557e-12 6.17506e-13
34 0.000400334 -3.20512e-08 -1.42441e-08 9.17044e-13 5.1692e-13
35 0.000377778 -2.85413e-08 -1.26843e-08 7.70717e-13 4.34097e-13
36 0.000357076 -2.5499e-08 -1.13323e-08 6.49703e-13 3.65707e-13
37 0.00033803 -2.28515e-08 -1.01557e-08 5.52447e-13 3.11973e-13
38 0.000320468 -2.05389e-08 -9.12792e-09 4.70068e-13 2.64233e-13
39 0.000304241 -1.85115e-08 -8.22695e-09 4.02123e-13 2.2693e-13
40 0.000289215 -1.67283e-08 -7.43445e-09 3.44391e-13 1.94289e-13
41 0.000275276 -1.51547e-08 -6.73513e-09 2.97318e-13 1.672e-13
42 0.000262321 -1.37619e-08 -6.11613e-09 2.58238e-13 1.46105e-13
43 0.00025026 -1.25255e-08 -5.56665e-09 2.24487e-13 1.2701e-13
44 0.000239011 -1.14248e-08 -5.07751e-09 1.94733e-13 1.0858e-13
45 0.000228505 -1.04425e-08 -4.64094e-09 1.6942e-13 9.50351e-14
46 0.000218676 -9.56349e-09 -4.25029e-09 1.49436e-13 8.37108e-14
47 0.000209468 -8.77507e-09 -3.8999e-09 1.31006e-13 7.43849e-14
48 0.00020083 -8.06625e-09 -3.58489e-09 1.16573e-13 6.50591e-14
49 0.000192715 -7.42758e-09 -3.30105e-09 1.02141e-13 5.61773e-14
50 0.000185082 -6.85089e-09 -3.04475e-09 8.92619e-14 5.10703e-14
51 0.000177894 -6.3291e-09 -2.81285e-09 7.9492e-14 4.39648e-14
52 0.000171117 -5.85605e-09 -2.60262e-09 7.30527e-14 4.08562e-14
53 0.00016472 -5.42639e-09 -2.41166e-09 6.52811e-14 3.61933e-14
54 0.000158675 -5.03542e-09 -2.23791e-09 5.68434e-14 3.17524e-14
55 0.000152957 -4.67903e-09 -2.07952e-09 5.24025e-14 2.86438e-14
56 0.000147542 -4.35363e-09 -1.9349e-09 4.61853e-14 2.44249e-14
57 0.00014241 -4.05603e-09 -1.80264e-09 4.06342e-14 2.24265e-14
58 0.000137541 -3.78343e-09 -1.68149e-09 3.70814e-14 2.08722e-14
59 0.000132918 -3.53335e-09 -1.57034e-09 3.24185e-14 1.79856e-14
60 0.000128524 -3.30359e-09 -1.46823e-09 2.95319e-14 1.75415e-14
61 0.000124344 -3.09222e-09 -1.37429e-09 2.68674e-14 1.55431e-14
62 0.000120365 -2.89748e-09 -1.28774e-09 2.62013e-14 1.37668e-14
63 0.000116574 -2.71783e-09 -1.2079e-09 2.26485e-14 1.28786e-14
64 0.000112959 -2.55189e-09 -1.13415e-09 1.82077e-14 9.54792e-15
65 0.00010951 -2.39843e-09 -1.06595e-09 1.79856e-14 9.99201e-15
66 0.000106216 -2.25633e-09 -1.0028e-09 1.77636e-14 1.04361e-14
67 0.000103069 -2.1246e-09 -9.44251e-10 1.57652e-14 9.32587e-15
68 0.000100059 -2.00234e-09 -8.89915e-10 1.5099e-14 8.88178e-15
69 9.71799e-05 -1.88876e-09 -8.39436e-10 1.33227e-14 5.9952e-15
70 9.4423e-05 -1.78311e-09 -7.92481e-10 1.17684e-14 9.10383e-15
71 9.17817e-05 -1.68475e-09 -7.48768e-10 1.04361e-14 6.88338e-15
72 8.92498e-05 -1.59308e-09 -7.08025e-10 1.02141e-14 5.32907e-15
73 8.68211e-05 -1.50756e-09 -6.70019e-10 7.77156e-15 3.77476e-15
74 8.44903e-05 -1.4277e-09 -6.34525e-10 9.99201e-15 6.66134e-15
75 8.22521e-05 -1.35306e-09 -6.01354e-10 8.65974e-15 5.77316e-15
76 8.01017e-05 -1.28324e-09 -5.70322e-10 8.21565e-15 3.77476e-15
77 7.80345e-05 -1.21786e-09 -5.41265e-10 6.66134e-15 2.66454e-15
78 7.60463e-05 -1.1566e-09 -5.14039e-10 4.21885e-15 2.22045e-15
79 7.41332e-05 -1.09913e-09 -4.88499e-10 5.9952e-15 1.33227e-15
80 7.22913e-05 -1.04519e-09 -4.64525e-10 4.66294e-15 4.44089e-15
81 7.05173e-05 -9.94525e-10 -4.42007e-10 3.55271e-15 8.88178e-16
82 6.88077e-05 -9.46887e-10 -4.20834e-10 7.77156e-15 3.77476e-15
83 6.71596e-05 -9.02073e-10 -4.00917e-10 3.55271e-15 4.44089e-16
84 6.557e-05 -8.59875e-10 -3.82164e-10 5.10703e-15 2.44249e-15
85 6.40362e-05 -8.20119e-10 -3.64494e-10 1.9984e-15 4.44089e-16
86 6.25556e-05 -7.8263e-10 -3.47831e-10 4.44089e-15 3.9968e-15
87 6.11257e-05 -7.47262e-10 -3.32113e-10 2.44249e-15 4.44089e-16
88 5.97443e-05 -7.13868e-10 -3.17273e-10 2.66454e-15 1.33227e-15
89 5.84092e-05 -6.82319e-10 -3.03251e-10 5.77316e-15 3.9968e-15
90 5.71184e-05 -6.52496e-10 -2.89995e-10 2.22045e-15 1.33227e-15
91 5.58699e-05 -6.24283e-10 -2.77456e-10 1.55431e-15 1.77636e-15
92 5.46619e-05 -5.97577e-10 -2.65587e-10 3.33067e-15 6.66134e-16
93 5.34926e-05 -5.72288e-10 -2.54349e-10 -6.66134e-16 1.9984e-15
94 5.23605e-05 -5.48317e-10 -2.43693e-10 3.33067e-15 3.77476e-15
95 5.12639e-05 -5.25591e-10 -2.33593e-10 2.66454e-15 4.66294e-15
96 5.02014e-05 -5.04034e-10 -2.24013e-10 4.44089e-16 8.88178e-16
97 4.91716e-05 -4.83566e-10 -2.14917e-10 1.77636e-15 1.33227e-15
98 4.81732e-05 -4.64128e-10 -2.06278e-10 1.77636e-15 0
99 4.72049e-05 -4.45657e-10 -1.98068e-10 4.44089e-16 -6.66134e-16
100 4.62655e-05 -4.28098e-10 -1.90266e-10 -2.88658e-15 -2.22045e-15
