-2.50993e-14 
2.41739e-14 
-2.46589e-14 
2.57581e-14 
-2.18079e-14 
1.90145e-14 
-2.11348e-14 
1.68879e-14 
-1.43525e-14 
3.05599e-14 
-4.35123e-14 
3.49658e-14 
-2.77647e-14 
2.77134e-14 
-2.31056e-14 
2.43252e-14 
-3.00212e-14 
2.85271e-14 
-2.88908e-14 
2.94203e-14 
-2.4712e-14 
2.73346e-14 
-3.01991e-14 
2.83406e-14 
-3.7576e-14 
3.72839e-14 
-1.51244e-14 
1.20252e-14 
-2.52746e-14 
2.11488e-14 
-1.95877e-14 
2.68449e-14 
-2.19479e-14 
2.2251e-14 
-2.87444e-14 
2.23479e-14 
-2.26787e-14 
2.76058e-14 
-1.85461e-14 
2.1178e-14 
-2.75177e-14 
9.83867e-15 
-1.13862e-14 
4.05941e-14 
-4.01397e-14 
2.44215e-14 
-2.97313e-14 
3.1093e-14 
-2.6943e-14 
3.16137e-14 
-2.71753e-14 
2.26761e-14 
-3.05351e-14 
2.84516e-14 
-2.58889e-14 
3.53744e-14 
-2.75636e-14 
1.78313e-14 
-4.21748e-14 
5.41616e-14 
-1.87051e-14 
-3.61622e-15 
-1.72747e-14 
3.05812e-14 
-2.07972e-14 
1.99702e-14 
-2.53106e-14 
2.14932e-14 
-2.12213e-14 
2.50938e-14 
-2.24258e-14 
2.10528e-14 
-2.21903e-14 
2.17692e-14 
-2.14412e-14 
9.62112e-15 
-2.98489e-15 
3.30741e-14 
-5.3438e-14 
2.93921e-14 
-2.28572e-14 
3.99385e-14 
-3.03899e-14 
2.44916e-14 
-3.54553e-14 
2.59673e-14 
-2.37388e-14 
3.62691e-14 
-2.72136e-14 
2.80744e-14 
-3.88055e-14 
2.44305e-14 
-3.98884e-14 
6.71954e-14 
-1.81338e-14 
-2.11684e-14 
-1.66489e-14 
2.52919e-14 
-6.69906e-15 
2.4589e-14 
-2.19903e-14 
7.68126e-15 
-2.57945e-14 
1.95055e-14 
-7.95662e-15 
2.89413e-14 
-1.54747e-14 
2.22315e-15 
-2.94342e-14 
-7.51012e-15 
5.05753e-14 
3.19494e-14 
-9.90687e-14 
5.39572e-14 
-3.11971e-14 
4.59275e-14 
-3.16617e-14 
2.93035e-14 
-3.78428e-14 
2.8518e-14 
-3.17611e-14 
3.56384e-14 
-2.68379e-14 
3.23379e-14 
-3.35364e-14 
2.71193e-14 
-3.62258e-14 
3.14518e-14 
1.3216e-11 
3.14518e-14 
-3.62258e-14 
2.71193e-14 
-3.35364e-14 
3.23379e-14 
-2.68379e-14 
3.56384e-14 
-3.17611e-14 
2.8518e-14 
-3.78428e-14 
2.93035e-14 
-3.16617e-14 
4.59275e-14 
-3.11971e-14 
5.39572e-14 
-9.90687e-14 
3.19494e-14 
5.05753e-14 
-7.51012e-15 
-2.94342e-14 
2.22315e-15 
-1.54747e-14 
2.89413e-14 
-7.95662e-15 
1.95055e-14 
-2.57945e-14 
7.68126e-15 
-2.19903e-14 
2.4589e-14 
-6.69906e-15 
2.52919e-14 
-1.66489e-14 
-2.11684e-14 
-1.81338e-14 
6.71954e-14 
-3.98884e-14 
2.44305e-14 
-3.88055e-14 
2.80744e-14 
-2.72136e-14 
3.62691e-14 
-2.37388e-14 
2.59673e-14 
-3.54553e-14 
2.44916e-14 
-3.03899e-14 
3.99385e-14 
-2.28572e-14 
2.93921e-14 
-5.3438e-14 
3.30741e-14 
-2.98489e-15 
9.62112e-15 
-2.14412e-14 
2.17692e-14 
-2.21903e-14 
2.10528e-14 
-2.24258e-14 
2.50938e-14 
-2.12213e-14 
2.14932e-14 
-2.53106e-14 
1.99702e-14 
-2.07972e-14 
3.05812e-14 
-1.72747e-14 
-3.61622e-15 
-1.87051e-14 
5.41616e-14 
-4.21748e-14 
1.78313e-14 
-2.75636e-14 
3.53744e-14 
-2.58889e-14 
2.84516e-14 
-3.05351e-14 
2.26761e-14 
-2.71753e-14 
3.16137e-14 
-2.6943e-14 
3.1093e-14 
-2.97313e-14 
2.44215e-14 
-4.01397e-14 
4.05941e-14 
-1.13862e-14 
9.83867e-15 
-2.75177e-14 
2.1178e-14 
-1.85461e-14 
2.76058e-14 
-2.26787e-14 
2.23479e-14 
-2.87444e-14 
2.2251e-14 
-2.19479e-14 
2.68449e-14 
-1.95877e-14 
2.11488e-14 
-2.52746e-14 
1.20252e-14 
-1.51244e-14 
3.72839e-14 
-3.7576e-14 
2.83406e-14 
-3.01991e-14 
2.73346e-14 
-2.4712e-14 
2.94203e-14 
-2.88908e-14 
2.85271e-14 
-3.00212e-14 
2.43252e-14 
-2.31056e-14 
2.77134e-14 
-2.77647e-14 
3.49658e-14 
-4.35123e-14 
3.05599e-14 
-1.43525e-14 
1.68879e-14 
-2.11348e-14 
1.90145e-14 
-2.18079e-14 
2.57581e-14 
-2.46589e-14 
2.41739e-14 
