0 
-2.88925e-15 
-2.39078e-15 
3.9936e-16 
1.63074e-15 
4.17749e-15 
5.78256e-15 
-1.36462e-14 
-2.90848e-14 
-2.69495e-16 
1.09994e-15 
-8.47088e-15 
-5.1488e-15 
4.46832e-16 
8.08306e-15 
-3.95664e-15 
8.43434e-15 
-9.16704e-15 
8.67214e-16 
-6.26463e-15 
7.70354e-15 
-2.09249e-15 
1.35965e-14 
-9.43755e-15 
-7.45179e-15 
-3.89804e-14 
1.47068e-14 
-2.12389e-14 
-8.72365e-16 
-1.13588e-14 
1.38702e-14 
-6.91159e-15 
1.28953e-14 
-1.35589e-14 
9.72463e-15 
-1.23164e-14 
1.19274e-14 
-1.09644e-14 
1.27943e-14 
-1.35517e-14 
1.577e-14 
-1.19556e-14 
1.19596e-14 
1.99064e-14 
1.762e-14 
-1.74566e-14 
1.54152e-14 
-1.97083e-14 
1.74544e-14 
-1.53242e-14 
1.6885e-14 
-1.8305e-14 
2.14262e-14 
-2.0668e-14 
1.94759e-14 
-2.1989e-14 
1.58335e-14 
-1.88557e-14 
4.12078e-14 
-1.85087e-14 
6.21672e-14 
-7.54746e-15 
3.51286e-14 
-3.14154e-14 
1.65506e-14 
-2.75258e-14 
3.10033e-14 
-2.24683e-14 
2.98174e-14 
-3.37327e-14 
2.42632e-14 
-3.06318e-14 
3.80894e-14 
-2.51935e-14 
3.13702e-14 
-4.68766e-14 
8.17533e-15 
-1.02822e-14 
1.90944e-14 
-4.94808e-14 
3.80781e-14 
-3.96384e-14 
4.55548e-14 
-3.56662e-14 
4.33792e-14 
-4.7766e-14 
3.89825e-14 
-5.29826e-14 
5.21584e-14 
-3.68221e-14 
6.25011e-14 
-5.62358e-14 
2.36338e-14 
-1.22708e-13 
6.00312e-14 
-1.10798e-13 
3.45057e-14 
-6.90381e-14 
7.75925e-14 
-5.58228e-14 
7.64645e-14 
-7.9101e-14 
7.0696e-14 
-8.88893e-14 
8.62629e-14 
-8.45202e-14 
1.01937e-13 
-9.18259e-14 
1.00435e-13 
-1.2513e-13 
7.58508e-14 
-1.05993e-14 
1.11581e-13 
-1.57112e-13 
1.39759e-13 
-1.56442e-13 
1.8045e-13 
-1.85334e-13 
2.11117e-13 
-2.37221e-13 
2.59063e-13 
-3.02594e-13 
3.50893e-13 
-4.18423e-13 
5.3063e-13 
-6.98603e-13 
1.05238e-12 
-2.11242e-12 
1 
2.11242e-12 
-1.05238e-12 
6.98603e-13 
-5.3063e-13 
4.18423e-13 
-3.50893e-13 
3.02594e-13 
-2.59063e-13 
2.37221e-13 
-2.11117e-13 
1.85334e-13 
-1.8045e-13 
1.56442e-13 
-1.39759e-13 
1.57112e-13 
-1.11581e-13 
1.05993e-14 
-7.58508e-14 
1.2513e-13 
-1.00435e-13 
9.18259e-14 
-1.01937e-13 
8.45202e-14 
-8.62629e-14 
8.88893e-14 
-7.0696e-14 
7.9101e-14 
-7.64645e-14 
5.58228e-14 
-7.75925e-14 
6.90381e-14 
-3.45057e-14 
1.10798e-13 
-6.00312e-14 
1.22708e-13 
-2.36338e-14 
5.62358e-14 
-6.25011e-14 
3.68221e-14 
-5.21584e-14 
5.29826e-14 
-3.89825e-14 
4.7766e-14 
-4.33792e-14 
3.56662e-14 
-4.55548e-14 
3.96384e-14 
-3.80781e-14 
4.94808e-14 
-1.90944e-14 
1.02822e-14 
-8.17533e-15 
4.68766e-14 
-3.13702e-14 
2.51935e-14 
-3.80894e-14 
3.06318e-14 
-2.42632e-14 
3.37327e-14 
-2.98174e-14 
2.24683e-14 
-3.10033e-14 
2.75258e-14 
-1.65506e-14 
3.14154e-14 
-3.51286e-14 
7.54746e-15 
-6.21672e-14 
1.85087e-14 
-4.12078e-14 
1.88557e-14 
-1.58335e-14 
2.1989e-14 
-1.94759e-14 
2.0668e-14 
-2.14262e-14 
1.8305e-14 
-1.6885e-14 
1.53242e-14 
-1.74544e-14 
1.97083e-14 
-1.54152e-14 
1.74566e-14 
-1.762e-14 
-1.99064e-14 
-1.19596e-14 
1.19556e-14 
-1.577e-14 
1.35517e-14 
-1.27943e-14 
1.09644e-14 
-1.19274e-14 
1.23164e-14 
-9.72463e-15 
1.35589e-14 
-1.28953e-14 
6.91159e-15 
-1.38702e-14 
1.13588e-14 
8.72365e-16 
2.12389e-14 
-1.47068e-14 
3.89804e-14 
7.45179e-15 
9.43755e-15 
-1.35965e-14 
2.09249e-15 
-7.70354e-15 
6.26463e-15 
-8.67214e-16 
9.16704e-15 
-8.43434e-15 
3.95664e-15 
-8.08306e-15 
-4.46832e-16 
5.1488e-15 
8.47088e-15 
-1.09994e-15 
2.69495e-16 
2.90848e-14 
1.36462e-14 
-5.78256e-15 
-4.17749e-15 
-1.63074e-15 
-3.9936e-16 
2.39078e-15 
2.88925e-15 
