-1 1.95 2 2 -0.95 -1 -1
-0.95 1.85 1.9 1.9 -0.85 -0.9 -0.9
-0.9 1.75 1.8 1.8 -0.75 -0.8 -0.8
-0.85 1.65 1.7 1.7 -0.65 -0.7 -0.7
-0.8 1.55 1.6 1.6 -0.55 -0.6 -0.6
-0.75 1.45 1.5 1.5 -0.45 -0.5 -0.5
-0.7 1.35 1.4 1.4 -0.35 -0.4 -0.4
-0.65 1.25 1.3 1.3 -0.25 -0.3 -0.3
-0.6 1.15 1.2 1.2 -0.15 -0.2 -0.2
-0.55 1.05 1.1 1.1 -0.05 -0.1 -0.1
-0.5 0.95 1 1 0.05 8.32667e-16 7.77156e-16
-0.45 0.85 0.9 0.9 0.15 0.1 0.1
-0.4 0.75 0.8 0.8 0.25 0.2 0.2
-0.35 0.65 0.7 0.7 0.35 0.3 0.3
-0.3 0.55 0.6 0.6 0.45 0.4 0.4
-0.25 0.45 0.5 0.5 0.55 0.5 0.5
-0.2 0.35 0.4 0.4 0.65 0.6 0.6
-0.15 0.25 0.3 0.3 0.75 0.7 0.7
-0.1 0.15 0.2 0.2 0.85 0.8 0.8
-0.05 0.05 0.1 0.1 0.95 0.9 0.9
3.19189e-16 -0.05 -6.37511e-16 -6.38378e-16 1.05 1 1
0.05 -0.15 -0.1 -0.1 1.15 1.1 1.1
0.1 -0.25 -0.2 -0.2 1.25 1.2 1.2
0.15 -0.35 -0.3 -0.3 1.35 1.3 1.3
0.2 -0.45 -0.4 -0.4 1.45 1.4 1.4
0.25 -0.55 -0.5 -0.5 1.55 1.5 1.5
0.3 -0.65 -0.6 -0.6 1.65 1.6 1.6
0.35 -0.75 -0.7 -0.7 1.75 1.7 1.7
0.4 -0.85 -0.8 -0.8 1.85 1.8 1.8
0.45 -0.95 -0.9 -0.9 1.95 1.9 1.9
0.5 -1.05 -1 -1 2.05 2 2
0.55 -1.15 -1.1 -1.1 2.15 2.1 2.1
0.6 -1.25 -1.2 -1.2 2.25 2.2 2.2
0.65 -1.35 -1.3 -1.3 2.35 2.3 2.3
0.7 -1.45 -1.4 -1.4 2.45 2.4 2.4
0.75 -1.55 -1.5 -1.5 2.55 2.5 2.5
0.8 -1.65 -1.6 -1.6 2.65 2.6 2.6
0.85 -1.75 -1.7 -1.7 2.75 2.7 2.7
0.9 -1.85 -1.8 -1.8 2.85 2.8 2.8
0.95 -1.95 -1.9 -1.9 2.95 2.9 2.9
