-1 0.05 -4.44089e-16 -0.05 -2.22045e-16
-0.95 0.05 -1.77636e-15 -0.05 8.88178e-16
-0.9 0.05 -1.77636e-15 -0.05 8.88178e-16
-0.85 0.05 -1.77636e-15 -0.05 8.88178e-16
-0.8 0.05 -1.77636e-15 -0.05 8.88178e-16
-0.75 0.05 -1.11022e-15 -0.05 3.33067e-16
-0.7 0.05 -1.11022e-15 -0.05 3.33067e-16
-0.65 0.05 -6.66134e-16 -0.05 -2.22045e-16
-0.6 0.05 -1.11022e-15 -0.05 3.33067e-16
-0.55 0.05 -6.66134e-16 -0.05 3.33067e-16
-0.5 0.05 3.33067e-16 -0.05 -5.55112e-17
-0.45 0.05 1.11022e-16 -0.05 1.11022e-16
-0.4 0.05 2.22045e-16 -0.05 0
-0.35 0.05 2.22045e-16 -0.05 -1.11022e-16
-0.3 0.05 2.22045e-16 -0.05 5.55112e-17
-0.25 0.05 1.66533e-16 -0.05 2.22045e-16
-0.2 0.05 1.11022e-16 -0.05 1.11022e-16
-0.15 0.05 1.11022e-16 -0.05 0
-0.1 0.05 0 -0.05 -1.11022e-16
-0.05 0.05 0 -0.05 0
3.19189e-16 0.05 -8.67362e-19 -0.05 2.22045e-16
0.05 0.05 0 -0.05 0
0.1 0.05 0 -0.05 0
0.15 0.05 5.55112e-17 -0.05 -4.44089e-16
0.2 0.05 -5.55112e-17 -0.05 4.44089e-16
0.25 0.05 -2.22045e-16 -0.05 4.44089e-16
0.3 0.05 -1.11022e-16 -0.05 2.22045e-16
0.35 0.05 0 -0.05 8.88178e-16
0.4 0.05 -2.22045e-16 -0.05 8.88178e-16
0.45 0.05 2.22045e-16 -0.05 -1.11022e-15
0.5 0.05 4.44089e-16 -0.05 -8.88178e-16
0.55 0.05 6.66134e-16 -0.05 -1.33227e-15
0.6 0.05 6.66134e-16 -0.05 -1.77636e-15
0.65 0.05 1.33227e-15 -0.05 -3.55271e-15
0.7 0.05 1.77636e-15 -0.05 -8.88178e-16
0.75 0.05 1.77636e-15 -0.05 -3.55271e-15
0.8 0.05 1.33227e-15 -0.05 -3.10862e-15
0.85 0.05 1.33227e-15 -0.05 -1.33227e-15
0.9 0.05 1.33227e-15 -0.05 -3.10862e-15
0.95 0.05 -8.88178e-16 -0.05 3.10862e-15
