-8 -0.003143
-7.92 -0.00436
-7.839 -0.004508
-7.759 -0.003517
-7.678 -0.001603
-7.598 0.0007797
-7.518 0.003041
-7.437 0.004604
-7.357 0.005049
-7.276 0.004227
-7.196 0.002303
-7.116 -0.0002712
-7.035 -0.002866
-6.955 -0.004822
-6.874 -0.005622
-6.794 -0.005021
-6.714 -0.003121
-6.633 -0.0003575
-6.553 0.002599
-6.472 0.005005
-6.392 0.006228
-6.312 0.005913
-6.231 0.004079
-6.151 0.001134
-6.07 -0.002218
-5.99 -0.005141
-5.91 -0.006873
-5.829 -0.006924
-5.749 -0.005212
-5.668 -0.002096
-5.588 0.00169
-5.508 0.005212
-5.427 0.00756
-5.347 0.008083
-5.266 0.006565
-5.186 0.003297
-5.106 -0.0009701
-5.025 -0.005195
-4.945 -0.008298
-4.864 -0.009432
-4.784 -0.008207
-4.704 -0.004815
-4.623 -1.084e-005
-4.543 0.005054
-4.462 0.009098
-4.382 0.01103
-4.302 0.01024
-4.221 0.006771
-4.141 0.001357
-4.06 -0.004731
-3.98 -0.009973
-3.899 -0.01297
-3.819 -0.01282
-3.739 -0.009353
-3.658 -0.003239
-3.578 0.004129
-3.497 0.01094
-3.417 0.01541
-3.337 0.01622
-3.256 0.01288
-3.176 0.005947
-3.095 -0.00308
-3.015 -0.01204
-2.935 -0.01861
-2.854 -0.0209
-2.774 -0.01794
-2.693 -0.01002
-2.613 0.001252
-2.533 0.01329
-2.452 0.02305
-2.372 0.02776
-2.291 0.02567
-2.211 0.01658
-2.131 0.002068
-2.05 -0.01474
-1.97 -0.02973
-1.889 -0.03877
-1.809 -0.0387
-1.729 -0.02827
-1.648 -0.008686
-1.568 0.01633
-1.487 0.04109
-1.407 0.05906
-1.327 0.06426
-1.246 0.05287
-1.166 0.02443
-1.085 -0.01735
-1.005 -0.0647
-0.9246 -0.1066
-0.8442 -0.1305
-0.7638 -0.1243
-0.6834 -0.07917
-0.603 0.009159
-0.5226 0.1385
-0.4422 0.3
-0.3618 0.4791
-0.2814 0.6569
-0.201 0.8134
-0.1206 0.9299
-0.0402 0.992
0.0402 0.992
0.1206 0.9299
0.201 0.8134
0.2814 0.6569
0.3618 0.4791
0.4422 0.3
0.5226 0.1385
0.603 0.009159
0.6834 -0.07917
0.7638 -0.1243
0.8442 -0.1305
0.9246 -0.1066
1.005 -0.0647
1.085 -0.01735
1.166 0.02443
1.246 0.05287
1.327 0.06426
1.407 0.05906
1.487 0.04109
1.568 0.01633
1.648 -0.008686
1.729 -0.02827
1.809 -0.0387
1.889 -0.03877
1.97 -0.02973
2.05 -0.01474
2.131 0.002068
2.211 0.01658
2.291 0.02567
2.372 0.02776
2.452 0.02305
2.533 0.01329
2.613 0.001252
2.693 -0.01002
2.774 -0.01794
2.854 -0.0209
2.935 -0.01861
3.015 -0.01204
3.095 -0.00308
3.176 0.005947
3.256 0.01288
3.337 0.01622
3.417 0.01541
3.497 0.01094
3.578 0.004129
3.658 -0.003239
3.739 -0.009353
3.819 -0.01282
3.899 -0.01297
3.98 -0.009973
4.06 -0.004731
4.141 0.001357
4.221 0.006771
4.302 0.01024
4.382 0.01103
4.462 0.009098
4.543 0.005054
4.623 -1.084e-005
4.704 -0.004815
4.784 -0.008207
4.864 -0.009432
4.945 -0.008298
5.025 -0.005195
5.106 -0.0009701
5.186 0.003297
5.266 0.006565
5.347 0.008083
5.427 0.00756
5.508 0.005212
5.588 0.00169
5.668 -0.002096
5.749 -0.005212
5.829 -0.006924
5.91 -0.006873
5.99 -0.005141
6.07 -0.002218
6.151 0.001134
6.231 0.004079
6.312 0.005913
6.392 0.006228
6.472 0.005005
6.553 0.002599
6.633 -0.0003575
6.714 -0.003121
6.794 -0.005021
6.874 -0.005622
6.955 -0.004822
7.035 -0.002866
7.116 -0.0002712
7.196 0.002303
7.276 0.004227
7.357 0.005049
7.437 0.004604
7.518 0.003041
7.598 0.0007797
7.678 -0.001603
7.759 -0.003517
7.839 -0.004508
7.92 -0.00436
8 -0.003143