-8 -0.003143
-7.96891 -0.00374244
-7.93781 -0.00418112
-7.90672 -0.00445904
-7.839 -0.004508
-7.80791 -0.00422901
-7.77681 -0.003815
-7.74572 -0.00326597
-7.678 -0.001603
-7.64691 -0.000662489
-7.61581 0.000259683
-7.58472 0.00116352
-7.518 0.003041
-7.48691 0.00377337
-7.45581 0.00434078
-7.42472 0.00474326
-7.357 0.005049
-7.32591 0.00486745
-7.29481 0.00451893
-7.26372 0.00400345
-7.196 0.002303
-7.16491 0.00130113
-7.13381 0.000300978
-7.10272 -0.000697458
-7.035 -0.002866
-7.00391 -0.00376389
-6.97281 -0.00448675
-6.94172 -0.00503458
-6.874 -0.005622
-6.84291 -0.00554273
-6.81181 -0.00526723
-6.78072 -0.0047955
-6.714 -0.003121
-6.68291 -0.00208753
-6.65181 -0.00101996
-6.62072 8.17038e-05
-6.553 0.002599
-6.52191 0.00366155
-6.49081 0.00455095
-6.45972 0.00526722
-6.392 0.006228
-6.36091 0.00628224
-6.32981 0.00611183
-6.29872 0.00571677
-6.231 0.004079
-6.19991 0.00297753
-6.16881 0.00182117
-6.13772 0.000609916
-6.07 -0.002218
-6.03891 -0.00349558
-6.00781 -0.00459325
-5.97672 -0.00551099
-5.91 -0.006873
-5.87891 -0.00710491
-5.84781 -0.00707223
-5.81672 -0.00677498
-5.749 -0.005212
-5.71791 -0.00410121
-5.68681 -0.00288405
-5.65572 -0.00156054
-5.588 0.00169
-5.55691 0.00320093
-5.52581 0.00453126
-5.49472 0.00568099
-5.427 0.00756
-5.39591 0.00800203
-5.36481 0.00814047
-5.33372 0.00797531
-5.266 0.006565
-5.23491 0.00541352
-5.20381 0.0041111
-5.17272 0.00265776
-5.106 -0.0009701
-5.07491 -0.00272081
-5.04381 -0.00431092
-5.01272 -0.00574043
-4.945 -0.008298
-4.91391 -0.00901584
-4.88281 -0.00938162
-4.85172 -0.00939536
-4.784 -0.008207
-4.75291 -0.00704835
-4.72181 -0.0056866
-4.69072 -0.00412175
-4.623 -1.084e-05
-4.59191 0.00208414
-4.56081 0.00401837
-4.52972 0.00579185
-4.462 0.009098
-4.43091 0.0101723
-4.39981 0.0108354
-4.36872 0.0110873
-4.302 0.01024
-4.27091 0.00914783
-4.23981 0.00775724
-4.20872 0.00606822
-4.141 0.001357
-4.10991 -0.00107289
-4.07881 -0.00338706
-4.04772 -0.0055855
-3.98 -0.009973
-3.94891 -0.0114982
-3.91781 -0.0125564
-3.88672 -0.0131478
-3.819 -0.01282
-3.78791 -0.0117761
-3.75681 -0.0103461
-3.72572 -0.00853008
-3.658 -0.003239
-3.62691 -0.000299576
-3.59581 0.0025436
-3.56472 0.00529054
-3.497 0.01094
-3.46591 0.0131122
-3.43481 0.0147315
-3.40372 0.0157978
-3.337 0.01622
-3.30591 0.0153757
-3.27481 0.0139858
-3.24372 0.0120503
-3.176 0.005947
-3.14491 0.00248713
-3.11381 -0.000979414
-3.08272 -0.00445263
-3.015 -0.01204
-2.98391 -0.0151022
-2.95281 -0.0175177
-2.92172 -0.0192863
-2.854 -0.0209
-2.82291 -0.0203236
-2.79181 -0.0190172
-2.76072 -0.0169809
-2.693 -0.01002
-2.66191 -0.00572989
-2.63081 -0.00132407
-2.59972 0.00319747
-2.533 0.01329
-2.50191 0.0176305
-2.47081 0.021231
-2.43972 0.0240914
-2.372 0.02776
-2.34091 0.0278042
-2.30981 0.0267936
-2.27872 0.0247282
-2.211 0.01658
-2.17991 0.0111862
-2.14881 0.0054788
-2.11772 -0.000542105
-2.05 -0.01474
-2.01891 -0.0212819
-1.98781 -0.0269137
-1.95672 -0.0316355
-1.889 -0.03877
-1.85791 -0.0399736
-1.82681 -0.0396121
-1.79572 -0.0376857
-1.729 -0.02827
-1.69791 -0.0214358
-1.66681 -0.0137498
-1.63572 -0.00521201
-1.568 0.01633
-1.53691 0.0266159
-1.50581 0.0359284
-1.47472 0.0442674
-1.407 0.05906
-1.37591 0.0630232
-1.34481 0.0645169
-1.31372 0.0635411
-1.246 0.05287
-1.21491 0.0433303
-1.18381 0.0318653
-1.15272 0.018475
-1.085 -0.01735
-1.05391 -0.0364242
-1.02281 -0.0546457
-0.991719 -0.0720145
-0.9246 -0.1066
-0.893506 -0.119412
-0.862412 -0.127723
-0.831319 -0.131532
-0.7638 -0.1243
-0.732706 -0.111969
-0.701612 -0.0931775
-0.670519 -0.0679245
-0.603 0.009159
-0.571906 0.0553665
-0.540812 0.106384
-0.509719 0.162211
-0.4422 0.3
-0.411106 0.369419
-0.380012 0.438644
-0.348919 0.507674
-0.2814 0.6569
-0.250306 0.722168
-0.219212 0.781453
-0.188119 0.834756
-0.1206 0.9299
-0.0895062 0.961281
-0.0584125 0.983373
-0.0273187 0.996178
0.0402 0.992
0.0712938 0.974435
0.102388 0.948733
0.133481 0.914895
0.201 0.8134
0.232094 0.755401
0.263188 0.694217
0.294281 0.629847
0.3618 0.4791
0.392894 0.407748
0.423988 0.339029
0.455081 0.272941
0.5226 0.1385
0.553694 0.0836155
0.584788 0.0348649
0.615881 -0.00775159
0.6834 -0.07917
0.714494 -0.10124
0.745588 -0.117487
0.776681 -0.127912
0.8442 -0.1305
0.875294 -0.123392
0.906388 -0.113591
0.937481 -0.101098
1.005 -0.0647
1.03609 -0.0455779
1.06719 -0.0273694
1.09828 -0.0100745
1.166 0.02443
1.19709 0.0375134
1.22819 0.0480161
1.25928 0.055938
1.327 0.06426
1.35809 0.063756
1.38919 0.0613229
1.42028 0.0569607
1.487 0.04109
1.51809 0.031653
1.54919 0.0221316
1.58028 0.0125259
1.648 -0.008686
1.67909 -0.0172775
1.71019 -0.0245311
1.74128 -0.0304466
1.809 -0.0387
1.84009 -0.0397896
1.87119 -0.0395283
1.90228 -0.0379161
1.97 -0.02973
2.00109 -0.024094
2.03219 -0.0182161
2.06328 -0.0120965
2.131 0.002068
2.16209 0.00835256
2.19319 0.013818
2.22428 0.0184644
2.291 0.02567
2.32209 0.0272884
2.35319 0.0278899
2.38428 0.0274744
2.452 0.02305
2.48309 0.0195924
2.51419 0.0157746
2.54528 0.0115969
2.613 0.001252
2.64409 -0.00353641
2.67519 -0.00780691
2.70628 -0.0115595
2.774 -0.01794
2.80509 -0.019707
2.83619 -0.02069
2.86728 -0.0208891
2.935 -0.01861
2.96609 -0.0163404
2.99719 -0.0137097
3.02828 -0.010718
3.095 -0.00308
3.12609 0.000624082
3.15719 0.00403053
3.18828 0.00713934
3.256 0.01288
3.28709 0.0146572
3.31819 0.0158175
3.34928 0.016361
3.417 0.01541
3.44809 0.0139391
3.47919 0.0121294
3.51028 0.00998082
3.578 0.004129
3.60909 0.0011083
3.64019 -0.00171281
3.67128 -0.00433432
3.739 -0.009353
3.77009 -0.0110946
3.80119 -0.0123351
3.83228 -0.0130745
3.899 -0.01297
3.93009 -0.0120945
3.96119 -0.0108763
3.99228 -0.00931562
4.06 -0.004731
4.09109 -0.00232183
4.12219 -2.56364e-06
4.15328 0.0022268
4.221 0.006771
4.25209 0.00842026
4.28319 0.00967376
4.31428 0.0105315
4.382 0.01103
4.41309 0.0105225
4.44419 0.00970552
4.47528 0.00857891
4.543 0.005054
4.57409 0.00304766
4.60519 0.00108936
4.63628 -0.000820904
4.704 -0.004815
4.73509 -0.00639082
4.76619 -0.00763928
4.79728 -0.00856038
4.864 -0.009432
4.89509 -0.0092356
4.92619 -0.00874149
4.95728 -0.00794968
5.025 -0.005195
5.05609 -0.00358454
5.08719 -0.00195992
5.11828 -0.000321126
5.186 0.003297
5.21709 0.00477601
5.24819 0.00598948
5.27928 0.00693741
5.347 0.008083
5.37809 0.00809177
5.40919 0.00783091
5.44028 0.00730042
5.508 0.005212
5.53909 0.00387446
5.57019 0.00249704
5.60128 0.00107974
5.668 -0.002096
5.69909 -0.00345667
5.73019 -0.00461233
5.76128 -0.00556299
5.829 -0.006924
5.86009 -0.00710702
5.89119 -0.00703759
5.92228 -0.00671569
5.99 -0.005141
6.02109 -0.00405068
6.05219 -0.00290216
6.08328 -0.00169545
6.151 0.001134
6.18209 0.00241248
6.21319 0.00352077
6.24428 0.00445887
6.312 0.005913
6.34309 0.00621815
6.37419 0.00629096
6.40528 0.00613143
6.472 0.005005
6.50309 0.0041513
6.53419 0.0032105
6.56528 0.0021826
6.633 -0.0003575
6.66409 -0.00151826
6.69519 -0.0025545
6.72628 -0.00346623
6.794 -0.005021
6.82509 -0.00541883
6.85619 -0.00560782
6.88728 -0.00558797
6.955 -0.004822
6.98609 -0.0041334
7.01719 -0.0033537
7.04828 -0.00248291
7.116 -0.0002712
7.14709 0.000806565
7.17819 0.00178611
7.20928 0.00266743
7.276 0.004227
7.30709 0.00469397
7.33819 0.00497225
7.36928 0.00506184
7.437 0.004604
7.46809 0.00409046
7.49919 0.00346919
7.53028 0.00274019
7.598 0.0007797
7.62909 -0.000204515
7.66019 -0.00111482
7.69128 -0.00195121
7.759 -0.003517
7.79009 -0.00403643
7.839 -0.004508
7.87009 -0.0045802
7.90119 -0.00449164
7.93228 -0.00424232
7.9637 -0.00382716
7.96402 -0.00382206
7.96434 -0.00381695
7.96466 -0.00381182
7.96498 -0.00380668
7.9653 -0.00380152
7.96562 -0.00379634
7.96595 -0.00379114
7.96627 -0.00378593
7.96659 -0.0037807
7.96691 -0.00377545
7.96723 -0.00377019
7.96755 -0.0037649
7.96787 -0.0037596
7.96819 -0.00375429
7.96852 -0.00374895
7.96884 -0.0037436
7.96916 -0.00373823
7.96948 -0.00373285
7.9698 -0.00372745
7.97012 -0.00372203
7.97044 -0.00371659
7.97076 -0.00371114
7.97109 -0.00370567
7.97141 -0.00370018
7.97173 -0.00369467
7.97205 -0.00368915
7.97237 -0.00368361
7.97269 -0.00367805
7.97301 -0.00367248
7.97333 -0.00366689
7.97366 -0.00366128
7.97398 -0.00365566
7.9743 -0.00365001
7.97462 -0.00364435
7.97494 -0.00363868
7.97526 -0.00363298
7.97558 -0.00362727
7.9759 -0.00362154
7.97623 -0.0036158
7.97655 -0.00361003
7.97687 -0.00360425
7.97719 -0.00359846
7.97751 -0.00359264
7.97783 -0.00358681
7.97815 -0.00358096
7.97847 -0.0035751
7.9788 -0.00356921
7.97912 -0.00356331
7.97944 -0.0035574
7.97976 -0.00355146
7.98008 -0.00354551
7.9804 -0.00353954
7.98072 -0.00353356
7.98104 -0.00352755
7.98137 -0.00352153
7.98169 -0.0035155
7.98201 -0.00350944
7.98233 -0.00350337
7.98265 -0.00349728
7.98297 -0.00349118
7.98329 -0.00348505
7.98362 -0.00347891
7.98394 -0.00347276
7.98426 -0.00346658
7.98458 -0.00346039
7.9849 -0.00345418
7.98522 -0.00344795
7.98554 -0.00344171
7.98586 -0.00343545
7.98619 -0.00342917
7.98651 -0.00342288
7.98683 -0.00341657
7.98715 -0.00341024
7.98747 -0.00340389
7.98779 -0.00339753
7.98811 -0.00339115
7.98843 -0.00338475
7.98876 -0.00337833
7.98908 -0.0033719
7.9894 -0.00336545
7.98972 -0.00335899
7.99004 -0.0033525
7.99036 -0.003346
7.99068 -0.00333948
7.991 -0.00333295
7.99133 -0.0033264
7.99165 -0.00331983
7.99197 -0.00331324
7.99229 -0.00330664
7.99261 -0.00330002
7.99293 -0.00329338
7.99325 -0.00328672
7.99357 -0.00328005
7.9939 -0.00327336
7.99422 -0.00326665
7.99454 -0.00325993
7.99486 -0.00325319
7.99518 -0.00324643
7.9955 -0.00323966
7.99582 -0.00323286
7.99614 -0.00322605
7.99647 -0.00321923
7.99679 -0.00321238
7.99711 -0.00320552
7.99743 -0.00319864
7.99775 -0.00319175
7.99807 -0.00318484
7.99839 -0.00317791
7.99871 -0.00317096
7.99904 -0.003164
7.99936 -0.00315701
7.99968 -0.00315002
8 -0.003143
