-8 -0.003143
-7.96891 -0.00361601
-7.92 -0.00436
-7.88891 -0.00441681
-7.839 -0.004508
-7.80791 -0.00412283
-7.759 -0.003517
-7.72791 -0.00278227
-7.678 -0.001603
-7.64691 -0.000676912
-7.598 0.0007797
-7.56691 0.0016586
-7.518 0.003041
-7.48691 0.00364099
-7.437 0.004604
-7.40591 0.00477696
-7.357 0.005049
-7.32591 0.00473346
-7.276 0.004227
-7.24491 0.0034792
-7.196 0.002303
-7.16491 0.00130248
-7.116 -0.0002712
-7.08491 -0.00126727
-7.035 -0.002866
-7.00391 -0.00362624
-6.955 -0.004822
-6.92391 -0.0051291
-6.874 -0.005622
-6.84291 -0.00538841
-6.794 -0.005021
-6.76291 -0.00428252
-6.714 -0.003121
-6.68291 -0.00206017
-6.633 -0.0003575
-6.60191 0.000791608
-6.553 0.002599
-6.52191 0.0035226
-6.472 0.005005
-6.44091 0.00548035
-6.392 0.006228
-6.36091 0.00610557
-6.312 0.005913
-6.28091 0.00520898
-6.231 0.004079
-6.19991 0.00293436
-6.151 0.001134
-6.11991 -0.000152744
-6.07 -0.002218
-6.03891 -0.00335409
-5.99 -0.005141
-5.95891 -0.00581418
-5.91 -0.006873
-5.87891 -0.00689258
-5.829 -0.006924
-5.79791 -0.00625859
-5.749 -0.005212
-5.71791 -0.00401585
-5.668 -0.002096
-5.63691 -0.000624488
-5.588 0.00169
-5.55691 0.0030589
-5.508 0.005212
-5.47691 0.00611333
-5.427 0.00756
-5.39591 0.00776328
-5.347 0.008083
-5.31591 0.00750028
-5.266 0.006565
-5.23491 0.00529482
-5.186 0.003297
-5.15491 0.0016385
-5.106 -0.0009701
-5.07491 -0.00259193
-5.025 -0.005195
-4.99391 -0.00640105
-4.945 -0.008298
-4.91391 -0.00873331
-4.864 -0.009432
-4.83291 -0.00895588
-4.784 -0.008207
-4.75291 -0.00688862
-4.704 -0.004815
-4.67291 -0.00297081
-4.623 -1.084e-05
-4.59191 0.00195772
-4.543 0.005054
-4.51191 0.00660638
-4.462 0.009098
-4.43091 0.00984891
-4.382 0.01103
-4.35091 0.0107229
-4.302 0.01024
-4.27091 0.00890834
-4.221 0.006771
-4.18991 0.00466673
-4.141 0.001357
-4.10991 -0.000980022
-4.06 -0.004731
-4.02891 -0.00676842
-3.98 -0.009973
-3.94891 -0.0111235
-3.899 -0.01297
-3.86791 -0.0129117
-3.819 -0.01282
-3.78791 -0.0114725
-3.739 -0.009353
-3.70791 -0.007006
-3.658 -0.003239
-3.62691 -0.000375266
-3.578 0.004129
-3.54691 0.00674356
-3.497 0.01094
-3.46591 0.0126774
-3.417 0.01541
-3.38591 0.0157248
-3.337 0.01622
-3.30591 0.0149379
-3.256 0.01288
-3.22491 0.0101853
-3.176 0.005947
-3.14491 0.00248177
-3.095 -0.00308
-3.06391 -0.0065625
-3.015 -0.01204
-2.98391 -0.0145936
-2.935 -0.01861
-2.90391 -0.0194891
-2.854 -0.0209
-2.82291 -0.0197495
-2.774 -0.01794
-2.74291 -0.0148997
-2.693 -0.01002
-2.66191 -0.00563889
-2.613 0.001252
-2.58191 0.00593083
-2.533 0.01329
-2.50191 0.0170366
-2.452 0.02305
-2.42091 0.0248806
-2.372 0.02776
-2.34091 0.0269577
-2.291 0.02567
-2.25991 0.022137
-2.211 0.01658
-2.17991 0.0109396
-2.131 0.002068
-2.09991 -0.00438415
-2.05 -0.01474
-2.01891 -0.0205662
-1.97 -0.02973
-1.93891 -0.0332002
-1.889 -0.03877
-1.85791 -0.0387428
-1.809 -0.0387
-1.77791 -0.0346462
-1.729 -0.02827
-1.69791 -0.0207522
-1.648 -0.008686
-1.61691 0.00103702
-1.568 0.01633
-1.53691 0.0258347
-1.487 0.04109
-1.45591 0.0480744
-1.407 0.05906
-1.37591 0.0610811
-1.327 0.06426
-1.29591 0.0598877
-1.246 0.05287
-1.21491 0.0418162
-1.166 0.02443
-1.13491 0.00839177
-1.085 -0.01735
-1.05391 -0.0357536
-1.005 -0.0647
-0.973906 -0.0809043
-0.9246 -0.1066
-0.893506 -0.115843
-0.8442 -0.1305
-0.813106 -0.128102
-0.7638 -0.1243
-0.732706 -0.106847
-0.6834 -0.07917
-0.652306 -0.0450098
-0.603 0.009159
-0.571906 0.0591801
-0.5226 0.1385
-0.491506 0.200958
-0.4422 0.3
-0.411106 0.369265
-0.3618 0.4791
-0.330706 0.547862
-0.2814 0.6569
-0.250306 0.717425
-0.201 0.8134
-0.169906 0.858455
-0.1206 0.9299
-0.0895062 0.953916
-0.0402 0.992
-0.00910625 0.992
0.0402 0.992
0.0712938 0.967984
0.1206 0.9299
0.151694 0.884845
0.201 0.8134
0.232094 0.752875
0.2814 0.6569
0.312494 0.588138
0.3618 0.4791
0.392894 0.409835
0.4422 0.3
0.473294 0.237542
0.5226 0.1385
0.553694 0.0884789
0.603 0.009159
0.634094 -0.0250012
0.6834 -0.07917
0.714494 -0.0966235
0.7638 -0.1243
0.794894 -0.126698
0.8442 -0.1305
0.875294 -0.121257
0.9246 -0.1066
0.955694 -0.0903957
1.005 -0.0647
1.03609 -0.0462964
1.085 -0.01735
1.11609 -0.00131177
1.166 0.02443
1.19709 0.0354838
1.246 0.05287
1.27709 0.0572423
1.327 0.06426
1.35809 0.0622389
1.407 0.05906
1.43809 0.0520756
1.487 0.04109
1.51809 0.0315853
1.568 0.01633
1.59909 0.00660698
1.648 -0.008686
1.67909 -0.0162038
1.729 -0.02827
1.76009 -0.0323238
1.809 -0.0387
1.84009 -0.0387272
1.889 -0.03877
1.92009 -0.0352998
1.97 -0.02973
2.00109 -0.0239038
2.05 -0.01474
2.08109 -0.00828785
2.131 0.002068
2.16209 0.00770841
2.211 0.01658
2.24209 0.020113
2.291 0.02567
2.32209 0.0264723
2.372 0.02776
2.40309 0.0259294
2.452 0.02305
2.48309 0.0193034
2.533 0.01329
2.56409 0.00861117
2.613 0.001252
2.64409 -0.00312911
2.693 -0.01002
2.72409 -0.0130603
2.774 -0.01794
2.80509 -0.0190905
2.854 -0.0209
2.88509 -0.0200209
2.935 -0.01861
2.96609 -0.0160564
3.015 -0.01204
3.04609 -0.0085575
3.095 -0.00308
3.12609 0.000385226
3.176 0.005947
3.20709 0.00864166
3.256 0.01288
3.28709 0.0141621
3.337 0.01622
3.36809 0.0159052
3.417 0.01541
3.44809 0.0136726
3.497 0.01094
3.52809 0.00832544
3.578 0.004129
3.60909 0.00126527
3.658 -0.003239
3.68909 -0.005586
3.739 -0.009353
3.77009 -0.0107005
3.819 -0.01282
3.85009 -0.0128783
3.899 -0.01297
3.93009 -0.0118195
3.98 -0.009973
4.01109 -0.00793558
4.06 -0.004731
4.09109 -0.00239398
4.141 0.001357
4.17209 0.00346127
4.221 0.006771
4.25209 0.00810266
4.302 0.01024
4.33309 0.0105471
4.382 0.01103
4.41309 0.0102791
4.462 0.009098
4.49309 0.00754562
4.543 0.005054
4.57409 0.00308544
4.623 -1.084e-05
4.65409 -0.00185503
4.704 -0.004815
4.73509 -0.00613337
4.784 -0.008207
4.81509 -0.00868312
4.864 -0.009432
4.89509 -0.00899669
4.945 -0.008298
4.97609 -0.00709195
5.025 -0.005195
5.05609 -0.00357317
5.106 -0.0009701
5.13709 0.000688402
5.186 0.003297
5.21709 0.00456718
5.266 0.006565
5.29709 0.00714772
5.347 0.008083
5.37809 0.00787972
5.427 0.00756
5.45809 0.00665867
5.508 0.005212
5.53909 0.0038431
5.588 0.00169
5.61909 0.000218488
5.668 -0.002096
5.69909 -0.00329215
5.749 -0.005212
5.78009 -0.00587741
5.829 -0.006924
5.86009 -0.00690442
5.91 -0.006873
5.94109 -0.00619982
5.99 -0.005141
6.02109 -0.00400491
6.07 -0.002218
6.10109 -0.000931256
6.151 0.001134
6.18209 0.00227864
6.231 0.004079
6.26209 0.00478302
6.312 0.005913
6.34309 0.00603543
6.392 0.006228
6.42309 0.00575265
6.472 0.005005
6.50309 0.0040814
6.553 0.002599
6.58409 0.00144989
6.633 -0.0003575
6.66409 -0.00141833
6.714 -0.003121
6.74509 -0.00385948
6.794 -0.005021
6.82509 -0.00525459
6.874 -0.005622
6.90509 -0.0053149
6.955 -0.004822
6.98609 -0.00406176
7.035 -0.002866
7.06609 -0.00186993
7.116 -0.0002712
7.14709 0.000729319
7.196 0.002303
7.22709 0.0030508
7.276 0.004227
7.30709 0.00454254
7.357 0.005049
7.38809 0.00487604
7.437 0.004604
7.46809 0.00400401
7.518 0.003041
7.54909 0.0021621
7.598 0.0007797
7.62909 -0.000146388
7.678 -0.001603
7.70909 -0.00233773
7.759 -0.003517
7.79009 -0.00390217
7.839 -0.004508
7.87009 -0.00445119
7.92 -0.00436
7.95109 -0.00388699
7.98234 -0.0034116
7.9825 -0.00340922
7.98266 -0.00340684
7.98281 -0.00340446
7.98297 -0.00340209
7.98313 -0.00339971
7.98328 -0.00339733
7.98344 -0.00339496
7.98359 -0.00339258
7.98375 -0.0033902
7.98391 -0.00338783
7.98406 -0.00338545
7.98422 -0.00338307
7.98438 -0.0033807
7.98453 -0.00337832
7.98469 -0.00337594
7.98484 -0.00337356
7.985 -0.00337119
7.98516 -0.00336881
7.98531 -0.00336643
7.98547 -0.00336406
7.98562 -0.00336168
7.98578 -0.0033593
7.98594 -0.00335693
7.98609 -0.00335455
7.98625 -0.00335217
7.98641 -0.00334979
7.98656 -0.00334742
7.98672 -0.00334504
7.98688 -0.00334266
7.98703 -0.00334029
7.98719 -0.00333791
7.98734 -0.00333553
7.9875 -0.00333316
7.98766 -0.00333078
7.98781 -0.0033284
7.98797 -0.00332603
7.98813 -0.00332365
7.98828 -0.00332127
7.98844 -0.00331889
7.98859 -0.00331652
7.98875 -0.00331414
7.98891 -0.00331176
7.98906 -0.00330939
7.98922 -0.00330701
7.98937 -0.00330463
7.98953 -0.00330226
7.98969 -0.00329988
7.98984 -0.0032975
7.99 -0.00329513
7.99016 -0.00329275
7.99031 -0.00329037
7.99047 -0.00328799
7.99063 -0.00328562
7.99078 -0.00328324
7.99094 -0.00328086
7.99109 -0.00327849
7.99125 -0.00327611
7.99141 -0.00327373
7.99156 -0.00327136
7.99172 -0.00326898
7.99188 -0.0032666
7.99203 -0.00326422
7.99219 -0.00326185
7.99234 -0.00325947
7.9925 -0.00325709
7.99266 -0.00325472
7.99281 -0.00325234
7.99297 -0.00324996
7.99313 -0.00324759
7.99328 -0.00324521
7.99344 -0.00324283
7.99359 -0.00324046
7.99375 -0.00323808
7.99391 -0.0032357
7.99406 -0.00323332
7.99422 -0.00323095
7.99437 -0.00322857
7.99453 -0.00322619
7.99469 -0.00322382
7.99484 -0.00322144
7.995 -0.00321906
7.99516 -0.00321669
7.99531 -0.00321431
7.99547 -0.00321193
7.99563 -0.00320955
7.99578 -0.00320718
7.99594 -0.0032048
7.99609 -0.00320242
7.99625 -0.00320005
7.99641 -0.00319767
7.99656 -0.00319529
7.99672 -0.00319292
7.99688 -0.00319054
7.99703 -0.00318816
7.99719 -0.00318579
7.99734 -0.00318341
7.9975 -0.00318103
7.99766 -0.00317865
7.99781 -0.00317628
7.99797 -0.0031739
7.99812 -0.00317152
7.99828 -0.00316915
7.99844 -0.00316677
7.99859 -0.00316439
7.99875 -0.00316202
7.99891 -0.00315964
7.99906 -0.00315726
7.99922 -0.00315488
7.99937 -0.00315251
7.99953 -0.00315013
7.99969 -0.00314775
7.99984 -0.00314538
8 -0.003143
