-4.71239 -4.71239
-4.61728 -4.5379
-4.52218 -4.35131
-4.42708 -4.14766
-4.33197 -3.924
-4.23687 -3.67903
-4.14176 -3.41288
-4.04666 -3.1268
-3.95155 -2.82298
-3.85645 -2.50431
-3.76134 -2.17421
-3.66624 -1.83644
-3.57113 -1.495
-3.47603 -1.15395
-3.38092 -0.81733
-3.28582 -0.489047
-3.19072 -0.172803
-3.09561 0.127975
-3.00051 0.410192
-2.9054 0.671129
-2.8103 0.908474
-2.71519 1.12034
-2.62009 1.30529
-2.52498 1.46232
-2.42988 1.59089
-2.33477 1.69087
-2.23967 1.76257
-2.14457 1.80669
-2.04946 1.82429
-1.95436 1.81678
-1.85925 1.78588
-1.76415 1.73359
-1.66904 1.66213
-1.57394 1.57393
-1.47883 1.47156
-1.38373 1.35771
-1.28862 1.23516
-1.19352 1.10668
-1.09842 0.97509
-1.00331 0.843115
-0.908206 0.71342
-0.813101 0.588546
-0.717997 0.470883
-0.622892 0.362637
-0.527788 0.265806
-0.432683 0.182152
-0.337578 0.113181
-0.242474 0.0601219
-0.147369 0.0239153
-0.0522647 0.00519955
0.0428399 0.00430403
0.137944 0.0212449
0.233049 0.0557248
0.328154 0.107137
0.423258 0.174571
0.518363 0.256827
0.613467 0.352426
0.708572 0.459631
0.803677 0.576466
0.898781 0.700745
0.993886 0.830092
1.08899 0.961981
1.18409 1.09376
1.2792 1.22269
1.3743 1.34598
1.46941 1.46084
1.56451 1.56448
1.65962 1.65422
1.75472 1.72745
1.84983 1.78174
1.94493 1.81483
2.04004 1.82471
2.13514 1.80963
2.23025 1.76815
2.32535 1.69917
2.42045 1.60195
2.51556 1.47616
2.61066 1.32187
2.70577 1.1396
2.80087 0.930312
2.89598 0.695401
2.99108 0.436718
3.08619 0.15654
3.18129 -0.142445
3.2764 -0.457175
3.3715 -0.784252
3.4666 -1.12
3.56171 -1.46052
3.65681 -1.80181
3.75192 -2.13981
3.84702 -2.47054
3.94213 -2.79024
4.03723 -3.09549
4.13234 -3.38341
4.22744 -3.65182
4.32255 -3.89945
4.41765 -4.1262
4.51276 -4.33335
4.60786 -4.52388
4.70296 -4.70276
