-4.71239 -4.71239
-4.61824 -4.45355
-4.52408 -4.19472
-4.42993 -3.93588
-4.33577 -3.67705
-4.24162 -3.41821
-4.14747 -3.15938
-4.05331 -2.90054
-3.95916 -2.64171
-3.86501 -2.38287
-3.77085 -2.12404
-3.66624 -1.83644
-3.57209 -1.55369
-3.47793 -1.27093
-3.38378 -0.988176
-3.28962 -0.70542
-3.19547 -0.422664
-3.10132 -0.139908
-3.00716 0.142848
-2.91301 0.425604
-2.81886 0.70836
-2.7247 0.991116
-2.62009 1.30529
-2.52593 1.32947
-2.43178 1.35364
-2.33763 1.37782
-2.24347 1.402
-2.14932 1.42618
-2.05517 1.45036
-1.96101 1.47453
-1.86686 1.49871
-1.77271 1.52289
-1.67855 1.54707
-1.57394 1.57393
-1.47978 1.4562
-1.38563 1.33847
-1.29148 1.22074
-1.19732 1.10301
-1.10317 0.985274
-1.00902 0.867543
-0.914863 0.749812
-0.82071 0.632081
-0.726556 0.51435
-0.632403 0.396618
-0.527788 0.265806
-0.433634 0.264998
-0.339481 0.26419
-0.245327 0.263382
-0.151173 0.262574
-0.0570199 0.261766
0.0371336 0.260958
0.131287 0.260149
0.225441 0.259341
0.319594 0.258533
0.413748 0.257725
0.518363 0.256827
0.612516 0.374516
0.70667 0.492205
0.800823 0.609894
0.894977 0.727583
0.98913 0.845272
1.08328 0.962961
1.17744 1.08065
1.27159 1.19834
1.36574 1.31603
1.4599 1.43372
1.56451 1.56448
1.65867 1.54265
1.75282 1.52081
1.84697 1.49898
1.94113 1.47714
2.03528 1.45531
2.12943 1.43347
2.22359 1.41164
2.31774 1.3898
2.41189 1.36797
2.50605 1.34613
2.61066 1.32187
2.70482 1.04074
2.79897 0.759607
2.89312 0.478476
2.98728 0.197344
3.08143 -0.0837871
3.17558 -0.364918
3.26974 -0.64605
3.36389 -0.927181
3.45805 -1.20831
3.5522 -1.48944
3.65681 -1.80181
3.75097 -2.0629
3.84512 -2.32398
3.93927 -2.58507
4.03343 -2.84615
4.12758 -3.10724
4.22174 -3.36832
4.31589 -3.62941
4.41004 -3.89049
4.5042 -4.15158
4.59835 -4.41266
4.70296 -4.70276
