-4.71239 -4.71239
-4.61824 -4.46444
-4.52408 -4.21433
-4.42993 -3.96208
-4.33577 -3.70767
-4.24162 -3.4511
-4.14747 -3.19239
-4.05331 -2.93152
-3.95916 -2.6685
-3.86501 -2.40333
-3.77085 -2.136
-3.6767 -1.86652
-3.58255 -1.59489
-3.48839 -1.3211
-3.39424 -1.04516
-3.30009 -0.76707
-3.20593 -0.486826
-3.11178 -0.204429
-3.01763 0.0801211
-2.92347 0.366824
-2.82932 0.65568
-2.73516 0.946688
-2.62009 1.30529
-2.52593 1.39404
-2.43178 1.47001
-2.33763 1.53321
-2.24347 1.58364
-2.14932 1.6213
-2.05517 1.64619
-1.96101 1.6583
-1.86686 1.65765
-1.77271 1.64422
-1.67855 1.61802
-1.5844 1.57905
-1.49025 1.52731
-1.39609 1.46279
-1.30194 1.3855
-1.20779 1.29544
-1.11363 1.19261
-1.01948 1.07701
-0.925325 0.948636
-0.831171 0.80749
-0.737018 0.653572
-0.642864 0.486882
-0.527788 0.265806
-0.433634 0.211082
-0.339481 0.167022
-0.245327 0.133628
-0.151173 0.110898
-0.0570199 0.0988322
0.0371336 0.0974317
0.131287 0.106696
0.225441 0.126625
0.319594 0.157218
0.413748 0.198477
0.507901 0.2504
0.602055 0.312988
0.696208 0.38624
0.790362 0.470157
0.884515 0.564739
0.978669 0.669986
1.07282 0.785898
1.16698 0.912474
1.26113 1.04971
1.35528 1.19762
1.44944 1.35619
1.56451 1.56448
1.65867 1.66063
1.75282 1.73343
1.84697 1.78291
1.94113 1.80904
2.03528 1.81184
2.12943 1.7913
2.22359 1.74743
2.31774 1.68021
2.41189 1.58966
2.50605 1.47578
2.61066 1.32187
2.70482 1.03162
2.79897 0.743169
2.89312 0.456525
2.98728 0.171685
3.08143 -0.111351
3.17558 -0.392583
3.26974 -0.67201
3.36389 -0.949633
3.45805 -1.22545
3.5522 -1.49947
3.64635 -1.77168
3.74051 -2.04208
3.83466 -2.31069
3.92881 -2.57748
4.02297 -2.84248
4.11712 -3.10567
4.21127 -3.36705
4.30543 -3.62664
4.39958 -3.88441
4.49373 -4.14039
4.58789 -4.39455
4.70296 -4.70276
